enemy_color: "red"
# enemy_color: "blue"

#####-----神经网络参数-----#####
yolo_name: yolov5
yolov5_model_path: assets/yolov5.xml
device: GPU
min_confidence: 0.8
use_traditional: true

yaw_offset: 2 # degree -2.5
pitch_offset: 6.5 # degree 2

camera_name: "hikrobot"
exposure_ms: 2.5
gain: 16.9
vid_pid: "2bdf:0001"

#  1  0  0
#  0  1  0
#  0  0  1
R_gimbal2imubody: [1, 0, 0, 0, 1, 0, 0, 0, 1]

# 重投影误差: 0.1820px
camera_matrix: [1785.4881526822305, 0, 672.4806478241826, 0, 1785.026019470562, 559.89603224794314, 0, 0, 1]
distort_coeffs: [-0.076005079619881746, 0.11182817466388446, 0.0005362204787722057, -0.0027546300984895122, 0]

# 相机同理想情况的偏角: yaw1.44 pitch-7.28 roll0.96 degree
# 标定板到世界坐标系原点的水平距离: 1.13 m
# 标定板同竖直摆放时的偏角: yaw7.61 pitch13.92 roll-0.46 degree
R_camera2gimbal: [-0.027182119030230909, -0.12616154330853446, 0.99163723074269183, -0.99949106557517331, 0.019998323121329122, -0.024853106601381177, -0.016695575474690555, -0.99180811252093692, -0.12664093215554434]
t_camera2gimbal: [0.13160669975045827, 0.10377721766577375, 0.024908271912914642]

#####-----gimbal参数-----#####
com_port: "/dev/gimbal"
